[datamodels/ot_asset]
version = 8.0.5
modtime = 1595619669.531423000

[models/ot_asset]
version = 8.0.5
modtime = 1595619669.540880000

[datamodels/ot_sw_asset]
version = 8.0.5
modtime = 1595601785.837080000

[models/ot_sw_asset]
version = 8.0.5
modtime = 1595601785.846731000
